50243.4
50243.59
50243.582
50243.684
50243.695
50243.637
50243.664
50243.715
50243.75
50243.742
50243.789
50243.996
50244.035
50243.371
50241.816
50239.934
50238.258
50237.344
50236.906
50236.52
50235.898
50235.285
50234.992
50234.965
50235.285
50235.707
50236.18
50236.57
50237.203
50238.219
50239.809
50241.566
50243.23
50244.781
50245.449
50246.008
50246.656
50247.578
50248.66
50249.633
50250.512
50251.438
50252.453
50253.555
50254.773
50256.07
50257.402
50258.566
50259.438
50260.219
50261.008
50261.723
50262.445
50263.113
50263.742
50264.43
50265.32
50266.27
50267.359
50268.426
50269.262
50270.086
50270.957
50271.855
50272.547
50273.43
50274.027
50274.625
50275.266
50275.734
50276.09
50276.41
50276.766
50277.109
50277.453
50277.859
50278.246
50278.621
50279.109
50279.723
50280.41
50281.094
50281.863
50282.559
50283.004
50283.422
50283.738
50284.156
50284.543
50285.039
50285.488
50285.898
50286.301
50286.648
50286.883
50287.09
50287.281
50287.465
50287.691
50287.836
50288.035
50288.5
50288.7
50289
50289.035
50288.867
50288.836
50288.953
50288.898
50288.789
50288.969
50289.074
50289.023
50289.012
50289.094
50289.211
50289.207
50289.133
50289.117
50289.215
50289.355
50289.496
50289.688
50289.73
50289.789
50289.777
50289.77
50289.773
50289.793
50289.891
50290.086
50290.281
50290.355
50290.316
50290.398
50290.504
50290.434
50290.402
50290.422
50290.363
50290.41
50290.512
50290.461
50290.574
50290.676
50290.672
50290.734
50290.512