50.424599
30.572584
50.430204
30.591016
*********
50740.398
50740.664
50739.531
50739.461
50738.266
50735.398
50728.445
50720.523
50712.063
50700.383
50683.824
50661.266
50642.949
50639.738
50646.543
50654.211
50666.605
50691.359
50721.852
50747.273
50763.828
50777.328
50784.82
50787.5
50787.758
50787.828
50787.563
50787.352
50787.828
50788.633
50789.695
50790.234
50791.703
50792.703
50794.109
50794.711
50795.32
50796.445
50797.188
50798.391
50799.195
50801.336
50802.203
50804.75
50805.914
50807.75
50809.227
50810.969
50812.836
50813.641
50814.711
50813.773
50813.711
50812.508
50812.164
50810.789
50810.914
50810.633
50810.234
50811.063
50811.461
50812.375
50812.164
50811.703
50809.961
50807.75
50805.586
50803.75
50803.516
50802.469
50803.914
50804.875
50806.844
50807.219
50808.625
50809.32
50808.789
50809.156
50808.961
50809.156
50808.289
50807.648
50804.609
50800.711
50795.188
50790.438
50786.219
50780.344
50777.203
50777.133
50782.148
50784.414
50786.695
50789.961
50793.234
50795.711
50795.914
50798.125
50799.063
50801.602
50801.469
50800.664
50800
50799.727
50801.797
50802.914
50806.211
50810.023
50815.531
50819.07
50821.336
50824.629
50829.086
50837.98
50846.73
50855.895
50865.453
50876.965
50889.148
50900.738
50914.543
50934.863
50962.648
50988.984
51019.195
51046.398
51058.359
51064.25
51075.793
51096.008
51117.855
51130.777
51128.273
51129.77
51129.289
51094.195
51039.211
50992.344
50957.945
50936.605
50934.461
50936.668
50938.141
50945.703
50963.852
50986.906
51008.383
51033.289
51057.469
51072.031
51074.445
51079.344
51086.008
51077.141
51053.656
51022.008
50997.234
50969.688
50932.445
50889.281
50854.957
50828.551
50808.422
50793.773
50783.078
50775.328
50769.25
50764.5
50756.289
50749.813
50744.945
50742.07
50740.469
50738.727
50737.875
50735.195
50732.391
50725.461
50718.391
50713.195
50708.523
50706.523
50700.578