0.85421308
0.846583453
0.846583453
0.846278268
0.840479751
0.846278268
0.844752342
0.849940489
0.839564196
0.849330119
0.85421308
0.839564196
0.849330119
0.845362712
0.862758263
0.850245674
0.857875301
0.839564196
0.839259011
0.851466414
0.845057527
0.85299234
0.839564196
0.844141972
0.836512345
0.850550859
0.836512345
0.849940489
0.843226417
0.851161229
0.846888638
0.846888638
0.840784936
0.850550859
0.827356792
0.843531602
0.836512345
0.851771599
0.839564196
0.847804193
0.851161229
0.826746422
0.841700491
0.85299234
0.843226417
0.849635304
0.836512345
0.842005676
0.842005676
0.837122715
0.839564196
0.837122715
0.83803827
0.839564196
0.838343455
0.843226417
0.839564196
0.839564196
0.845362712
0.839564196
0.839564196
0.838343455
0.839564196
0.839564196
0.838343455
0.839564196
0.839564196
0.845362712
0.839564196
0.838343455
0.83803827
0.839564196
0.829798273
0.837122715
0.839564196
0.846888638
0.841395306
0.841395306
0.842005676
0.85238197
0.838343455
0.840479751
0.844447157
0.827356792
0.838953825
0.849940489
0.849940489
0.835901975
0.839564196
0.837122715
0.836512345
0.846278268
0.844447157
0.85421308
0.848109378
0.839259011
0.827356792
0.834681234
0.835291604
0.83803827
0.829798273
0.831629383
0.844447157
0.840479751
0.829798273
0.839564196
0.835901975
0.837122715
0.840174566
0.831629383
0.839564196
0.839259011
0.829798273
0.82003235
0.835901975
0.838343455
0.835291604
0.831629383
0.838343455
0.839259011
0.829798273
0.839564196
0.838343455
0.839564196
0.841395306
0.831629383
0.839564196
0.83681753
0.837122715
0.839564196
0.838343455
0.841395306
0.840174566
0.85238197
0.829798273
0.835291604
0.839564196
0.838343455
0.837122715
0.839564196
0.840784936
0.844447157
0.834681234
0.831019013
0.831019013
0.837122715
0.831629383
0.838343455
0.83681753
0.827356792
0.834681234
0.831019013
0.829798273
0.839869381
0.842616047
0.827356792
0.831629383
0.834681234
0.837122715
0.830713828
0.831629383
0.831019013
0.833460494
0.817590869
0.831629383
0.834681234
0.829798273
0.826746422
0.839564196
0.831934568
0.827356792
0.834681234
0.828272347
0.831629383
0.834681234
0.829798273
0.834681234
0.834070864
0.829798273
0.832239753
0.843226417
0.817590869
0.832850124
0.833460494
0.832239753
0.832239753
0.82003235
0.831629383
0.831629383
0.829798273
0.831324198
0.834681234
0.82003235
0.827356792
0.834681234
0.832239753
0.827356792
0.82003235
0.826136052
0.830408643