50305.883
50342.102
50342.086
50342.246
50342.23
50342.035
50341.535
50341.445
50341.289
50341.184
50341.375
50341.812
50342.25
50342.883
50343.387
50343.828
50344.172
50344.359
50344.57
50344.438
50344.465
50344.352
50344.293
50344.496
50344.918
50345.344
50345.805
50346.137
50346.133
50346.168
50346.27
50346.5
50346.684
50346.762
50347.121
50347.172
50347.277
50347.504
50347.84
50348.176
50348.219
50348.25
50348.402
50348.742
50349.289
50350.129
50350.598
50351.238
50351.184
50351.145
50351.004
50350.848
50350.941
50350.973
50351.023
50350.945
50350.832
50350.793
50351.004
50351.121
50351.027
50351.227
50351.129
50351.238
50351.301
50351.629
50352.266
50352.754
50353.219
50353.617
50354.207
50354.895
50355.625
50356.531
50357.281
50357.551
50357.859
50357.816
50357.664
50357.344
50356.562
50355.723
50354.848
50354.594
50354.43
50354.355
50354.312
50354.254
50354.289
50354.277
50354.328
50354.41
50354.586
50355.023
50355.57
50355.773
50355.742
50355.609
50355.801
50355.742
50355.465
50355.27
50355.117
50355.25
50355.688
50356.277
50356.938
50357.777
50358.316
50358.309
50358.238
50358.203
50358.215
50358.188
50358.02
50357.812
50357.641
50357.453
50357.281
50357.078
50356.914
50356.762
50356.516
50356.051
50355.695
50355.531
50355.535
50355.441
50355.109
50355.133
50354.836
50354.77
50354.465
50353.98
50353.043
50352.188
50351.883
50352.113
50352.277
50352.48
50352.441
50352.555
50353.375
50353.988
50354.43
50354.777
50354.965
50355.148
50355.305
50355.566
50355.746
50356.07
50356.27
50356.406
50356.578
50356.566
50356.855
50356.711
50356.738
50356.664
50356.641
50356.758
50356.797
50356.797
50356.773
50356.762
50356.805
50356.824
50356.836
50356.797
50356.637
50356.719
50356.508
50356.598
50356.633
50356.68
50356.832
50356.98
50356.934
50357.078
50356.82
50356.73
50356.562
50356.367
50355.992
50355.863
50355.887
50355.902
50356.055
50356.086
50356.211
50356.184
50356.336
50356.434
50356.457
50356.648
50356.867
50357.043
50357.172
50356.949
50357.125
50357.152
50357.328
50357.465
50357.52
50357.469
50357.371
50357.391
50357.289
50357.469
50357.531
50357.484
50357.547
50357.574
50358.121
50358.828
50359.625
50360.312
50361.023
50362.027
50362.613
50362.801
50362.645
50362.586
50362.297
50362.121
50361.867
50361.406
50360.602
50360.211
50359.77
50359.582
50359.109
50358.906
50358.555
50358.027
50357.801
50357.477
50357.543
50357.367
50357.176
50356.934
50356.891
50356.688
50356.453
50356.102
50355.938
50355.578
50355.355
50355.277
50355.051
50355.199
50354.816
50354.723
50354.812
50354.809
50354.688
50354.672
50354.57
50354.77
50354.996
50355.242
50355.41
50355.301
50355.156
50354.887
50354.555
50354.207
50353.918
50354.07
50353.895
50353.785
50353.711
50353.555
50353.402
50353.535
50353.512
50353.723
50353.922
50353.719
50353.367
50353.105
50352.719
50352.395
50352.395
50352.453
50352.617
50352.691
50352.785
50352.723
50352.504
50352.379
50352.285
50352.094
50351.766
50351.805
50351.758
50351.66
50351.488
50351.297
50351.023
50350.82
50350.945
50351.219
50351.352
50351.309
50351.531
50351.453
50351.723
50351.719
50351.918
50351.836
50351.781
50351.719
50351.59
50351.613
50351.344
50351.105
50350.922
50350.836
50350.785
50350.828
50350.672
50350.82
50350.812
50351.273
50351.316
50351.113
50351.141
50351.125
50351.121
50351.016
50350.977
50351.074
50351.086
50351.004
50350.637
50350.344
50349.969
50349.781
50349.555
50349.621
50349.5
50349.336
50349.012
50348.832
50348.855
50348.973
50348.711
50348.605
50348.441
50348.195
50348.02
50347.242
50347.023
50347.406
50347.73
50347.941
50347.906
50347.797
50347.5
50347.289
50347.129
50347.324
50347.438
50347.41
50347.219
50347.262
50347.316
50347.297
50347.168
50347.254
50347.406
50347.266
50347.133
50347.02
50346.902
50346.879
50346.672
50346.555
50346.555
50346.516
50346.453
50346.809
50346.898
50346.707
50346.395
50346.066
50346.035
50345.98
50345.945
50345.789
50345.684
50345.621
50345.652
50345.695
50345.766
50345.84
50345.895
50345.668
50345.598
50345.305
50345.188
50344.949
50344.836
50344.586
50344.262
50343.934
50343.801
50343.828
50343.754
50343.574
50343.258
50343.062
50342.816
50342.566
50342.379
50342.207
50342.059
50341.906
50341.738
50341.352
50340.738
50340.301
50339.875
50339.547
50339.27
50339.102
50338.852
50338.961
50338.621
50338.348
50338.102
50338.012
50337.812
50337.492
50337.199
50336.828
50336.438
50336.102
50335.348
50335.02
50334.414
50334.203
50333.867
50333.496
50333.09
50332.715
50332.492
50332.258
50332.031
50331.555
50331.258
50330.824
50330.32
50329.789
50329
50328.66
50328.445
50328.332
50327.938
50327.469
50326.84
50326.117
50325.738
50325.211
50324.977
50324.535
50324.141
50323.562
50323.008
50322.309
50321.957
50321.398
50321.098
50320.672
50320.129
50319.449
50318.945
50318.617
50318.082
50317.559
50317.012
50316.344
50315.512
50314.688
50313.973
50313.352
50313.141
50312.906
50312.523
50312.012
50311.176
50310.617
50310.113
50309.75
50309.234
50308.574
50307.723
50307.016
50306.016
50305.117
50304.328
50303.523
50302.684
50301.793
50300.758
50299.629
50298.863
50298.07
50297.598
50296.809
50295.828
50294.504
50293.145
50291.82
50291.043
50290.461
50289.859
50289.102
50288.012
50286.844
50285.238
50283.676
50282.355
50281.273
50280.621
50279.961
50279.176
50277.77